object MainFm: TMainFm
  Left = 0
  Top = 0
  Caption = #1052#1072#1088#1082#1086#1074#1080#1094
  ClientHeight = 483
  ClientWidth = 900
  Color = clBtnFace
  Font.Charset = DEFAULT_CHARSET
  Font.Color = clWindowText
  Font.Height = -11
  Font.Name = 'Tahoma'
  Font.Style = []
  OldCreateOrder = False
  OnShow = FormShow
  PixelsPerInch = 96
  TextHeight = 13
  object Label1: TLabel
    Left = 280
    Top = 40
    Width = 31
    Height = 13
    Caption = 'Label1'
  end
  object ListBox1: TListBox
    Left = 40
    Top = 32
    Width = 161
    Height = 113
    ItemHeight = 13
    TabOrder = 0
  end
  object DateTimePicker1: TDateTimePicker
    Left = 280
    Top = 72
    Width = 186
    Height = 21
    Date = 42894.723395069440000000
    Time = 42894.723395069440000000
    TabOrder = 1
  end
  object DateTimePicker2: TDateTimePicker
    Left = 496
    Top = 72
    Width = 186
    Height = 21
    Date = 42894.723569375000000000
    Time = 42894.723569375000000000
    TabOrder = 2
  end
end
